topologie: 9 6 1
in: 5.0 1.0 1.0 1.0 2.0 1.0 3.0 1.0 1.0
out: -1.0
in: 5.0 4.0 4.0 5.0 7.0 10.0 3.0 2.0 1.0
out: -1.0
in: 3.0 1.0 1.0 1.0 2.0 2.0 3.0 1.0 1.0
out: -1.0
in: 6.0 8.0 8.0 1.0 3.0 4.0 3.0 7.0 1.0
out: -1.0
in: 4.0 1.0 1.0 3.0 2.0 1.0 3.0 1.0 1.0
out: -1.0
in: 8.0 10.0 10.0 8.0 7.0 10.0 9.0 7.0 1.0
out: 1.0
in: 1.0 1.0 1.0 1.0 2.0 10.0 3.0 1.0 1.0
out: -1.0
in: 2.0 1.0 2.0 1.0 2.0 1.0 3.0 1.0 1.0
out: -1.0
in: 2.0 1.0 1.0 1.0 2.0 1.0 1.0 1.0 5.0
out: -1.0
in: 4.0 2.0 1.0 1.0 2.0 1.0 2.0 1.0 1.0
out: -1.0
in: 1.0 1.0 1.0 1.0 1.0 1.0 3.0 1.0 1.0
out: -1.0
in: 2.0 1.0 1.0 1.0 2.0 1.0 2.0 1.0 1.0
out: -1.0
in: 5.0 3.0 3.0 3.0 2.0 3.0 4.0 4.0 1.0
out: 1.0
in: 1.0 1.0 1.0 1.0 2.0 3.0 3.0 1.0 1.0
out: -1.0
in: 8.0 7.0 5.0 10.0 7.0 9.0 5.0 5.0 4.0
out: 1.0
in: 7.0 4.0 6.0 4.0 6.0 1.0 4.0 3.0 1.0
out: 1.0
in: 4.0 1.0 1.0 1.0 2.0 1.0 2.0 1.0 1.0
out: -1.0
in: 4.0 1.0 1.0 1.0 2.0 1.0 3.0 1.0 1.0
out: -1.0
in: 10.0 7.0 7.0 6.0 4.0 10.0 4.0 1.0 2.0
out: 1.0
in: 6.0 1.0 1.0 1.0 2.0 1.0 3.0 1.0 1.0
out: -1.0
in: 7.0 3.0 2.0 10.0 5.0 10.0 5.0 4.0 4.0
out: 1.0
in: 10.0 5.0 5.0 3.0 6.0 7.0 7.0 10.0 1.0
out: 1.0
in: 3.0 1.0 1.0 1.0 2.0 1.0 2.0 1.0 1.0
out: -1.0
in: 1.0 1.0 1.0 1.0 2.0 1.0 3.0 1.0 1.0
out: -1.0
in: 5.0 2.0 3.0 4.0 2.0 7.0 3.0 6.0 1.0
out: 1.0
in: 3.0 2.0 1.0 1.0 1.0 1.0 2.0 1.0 1.0
out: -1.0
in: 5.0 1.0 1.0 1.0 2.0 1.0 2.0 1.0 1.0
out: -1.0
in: 2.0 1.0 1.0 1.0 2.0 1.0 2.0 1.0 1.0
out: -1.0
in: 1.0 1.0 3.0 1.0 2.0 1.0 1.0 1.0 1.0
out: -1.0
in: 3.0 1.0 1.0 1.0 1.0 1.0 2.0 1.0 1.0
out: -1.0
in: 2.0 1.0 1.0 1.0 2.0 1.0 3.0 1.0 1.0
out: -1.0
in: 10.0 7.0 7.0 3.0 8.0 5.0 7.0 4.0 3.0
out: 1.0
in: 2.0 1.0 1.0 2.0 2.0 1.0 3.0 1.0 1.0
out: -1.0
in: 3.0 1.0 2.0 1.0 2.0 1.0 2.0 1.0 1.0
out: -1.0
in: 2.0 1.0 1.0 1.0 2.0 1.0 2.0 1.0 1.0
out: -1.0
in: 10.0 10.0 10.0 8.0 6.0 1.0 8.0 9.0 1.0
out: 1.0
in: 6.0 2.0 1.0 1.0 1.0 1.0 7.0 1.0 1.0
out: -1.0
in: 5.0 4.0 4.0 9.0 2.0 10.0 5.0 6.0 1.0
out: 1.0
in: 2.0 5.0 3.0 3.0 6.0 7.0 7.0 5.0 1.0
out: 1.0
in: 10.0 4.0 3.0 1.0 3.0 3.0 6.0 5.0 2.0
out: 1.0
in: 6.0 10.0 10.0 2.0 8.0 10.0 7.0 3.0 3.0
out: 1.0
in: 5.0 6.0 5.0 6.0 10.0 1.0 3.0 1.0 1.0
out: 1.0
in: 10.0 10.0 10.0 4.0 8.0 1.0 8.0 10.0 1.0
out: 1.0
in: 1.0 1.0 1.0 1.0 2.0 1.0 2.0 1.0 2.0
out: -1.0
in: 3.0 7.0 7.0 4.0 4.0 9.0 4.0 8.0 1.0
out: 1.0
in: 1.0 1.0 1.0 1.0 2.0 1.0 2.0 1.0 1.0
out: -1.0
in: 4.0 1.0 1.0 3.0 2.0 1.0 3.0 1.0 1.0
out: -1.0
in: 7.0 8.0 7.0 2.0 4.0 8.0 3.0 8.0 2.0
out: 1.0
in: 9.0 5.0 8.0 1.0 2.0 3.0 2.0 1.0 5.0
out: 1.0
in: 5.0 3.0 3.0 4.0 2.0 4.0 3.0 4.0 1.0
out: 1.0
in: 10.0 3.0 6.0 2.0 3.0 5.0 4.0 10.0 2.0
out: 1.0
in: 5.0 5.0 5.0 8.0 10.0 8.0 7.0 3.0 7.0
out: 1.0
in: 10.0 5.0 5.0 6.0 8.0 8.0 7.0 1.0 1.0
out: 1.0
in: 10.0 6.0 6.0 3.0 4.0 5.0 3.0 6.0 1.0
out: 1.0
in: 8.0 10.0 10.0 1.0 3.0 6.0 3.0 9.0 1.0
out: 1.0
in: 8.0 2.0 4.0 1.0 5.0 1.0 5.0 4.0 4.0
out: 1.0
in: 5.0 2.0 3.0 1.0 6.0 10.0 5.0 1.0 1.0
out: 1.0
in: 9.0 5.0 5.0 2.0 2.0 2.0 5.0 1.0 1.0
out: 1.0
in: 5.0 3.0 5.0 5.0 3.0 3.0 4.0 10.0 1.0
out: 1.0
in: 1.0 1.0 1.0 1.0 2.0 2.0 2.0 1.0 1.0
out: -1.0
in: 9.0 10.0 10.0 1.0 10.0 8.0 3.0 3.0 1.0
out: 1.0
in: 6.0 3.0 4.0 1.0 5.0 2.0 3.0 9.0 1.0
out: 1.0
in: 1.0 1.0 1.0 1.0 2.0 1.0 2.0 1.0 1.0
out: -1.0
in: 10.0 4.0 2.0 1.0 3.0 2.0 4.0 3.0 10.0
out: 1.0
in: 4.0 1.0 1.0 1.0 2.0 1.0 3.0 1.0 1.0
out: -1.0
in: 5.0 3.0 4.0 1.0 8.0 10.0 4.0 9.0 1.0
out: 1.0
in: 8.0 3.0 8.0 3.0 4.0 9.0 8.0 9.0 8.0
out: 1.0
in: 1.0 1.0 1.0 1.0 2.0 1.0 3.0 2.0 1.0
out: -1.0
in: 5.0 1.0 3.0 1.0 2.0 1.0 2.0 1.0 1.0
out: -1.0
in: 6.0 10.0 2.0 8.0 10.0 2.0 7.0 8.0 10.0
out: 1.0
in: 1.0 3.0 3.0 2.0 2.0 1.0 7.0 2.0 1.0
out: -1.0
in: 9.0 4.0 5.0 10.0 6.0 10.0 4.0 8.0 1.0
out: 1.0
in: 10.0 6.0 4.0 1.0 3.0 4.0 3.0 2.0 3.0
out: 1.0
in: 1.0 1.0 2.0 1.0 2.0 2.0 4.0 2.0 1.0
out: -1.0
in: 1.0 1.0 4.0 1.0 2.0 1.0 2.0 1.0 1.0
out: -1.0
in: 5.0 3.0 1.0 2.0 2.0 1.0 2.0 1.0 1.0
out: -1.0
in: 3.0 1.0 1.0 1.0 2.0 3.0 3.0 1.0 1.0
out: -1.0
in: 2.0 1.0 1.0 1.0 3.0 1.0 2.0 1.0 1.0
out: -1.0
in: 2.0 2.0 2.0 1.0 1.0 1.0 7.0 1.0 1.0
out: -1.0
in: 4.0 1.0 1.0 2.0 2.0 1.0 2.0 1.0 1.0
out: -1.0
in: 5.0 2.0 1.0 1.0 2.0 1.0 3.0 1.0 1.0
out: -1.0
in: 3.0 1.0 1.0 1.0 2.0 2.0 7.0 1.0 1.0
out: -1.0
in: 3.0 5.0 7.0 8.0 8.0 9.0 7.0 10.0 7.0
out: 1.0
in: 5.0 10.0 6.0 1.0 10.0 4.0 4.0 10.0 10.0
out: 1.0
in: 3.0 3.0 6.0 4.0 5.0 8.0 4.0 4.0 1.0
out: 1.0
in: 3.0 6.0 6.0 6.0 5.0 10.0 6.0 8.0 3.0
out: 1.0
in: 4.0 1.0 1.0 1.0 2.0 1.0 3.0 1.0 1.0
out: -1.0
in: 2.0 1.0 1.0 2.0 3.0 1.0 2.0 1.0 1.0
out: -1.0
in: 1.0 1.0 1.0 1.0 2.0 1.0 3.0 1.0 1.0
out: -1.0
in: 3.0 1.0 1.0 2.0 2.0 1.0 1.0 1.0 1.0
out: -1.0
in: 4.0 1.0 1.0 1.0 2.0 1.0 3.0 1.0 1.0
out: -1.0
in: 1.0 1.0 1.0 1.0 2.0 1.0 2.0 1.0 1.0
out: -1.0
in: 2.0 1.0 1.0 1.0 2.0 1.0 3.0 1.0 1.0
out: -1.0
in: 1.0 1.0 1.0 1.0 2.0 1.0 3.0 1.0 1.0
out: -1.0
in: 2.0 1.0 1.0 2.0 2.0 1.0 1.0 1.0 1.0
out: -1.0
in: 5.0 1.0 1.0 1.0 2.0 1.0 3.0 1.0 1.0
out: -1.0
in: 9.0 6.0 9.0 2.0 10.0 6.0 2.0 9.0 10.0
out: 1.0
in: 7.0 5.0 6.0 10.0 5.0 10.0 7.0 9.0 4.0
out: 1.0
in: 10.0 3.0 5.0 1.0 10.0 5.0 3.0 10.0 2.0
out: 1.0
in: 2.0 3.0 4.0 4.0 2.0 5.0 2.0 5.0 1.0
out: 1.0
in: 4.0 1.0 2.0 1.0 2.0 1.0 3.0 1.0 1.0
out: -1.0
in: 8.0 2.0 3.0 1.0 6.0 3.0 7.0 1.0 1.0
out: 1.0
in: 10.0 10.0 10.0 10.0 10.0 1.0 8.0 8.0 8.0
out: 1.0
in: 7.0 3.0 4.0 4.0 3.0 3.0 3.0 2.0 7.0
out: 1.0
in: 10.0 10.0 10.0 8.0 2.0 10.0 4.0 1.0 1.0
out: 1.0
in: 1.0 6.0 8.0 10.0 8.0 10.0 5.0 7.0 1.0
out: 1.0
in: 1.0 1.0 1.0 1.0 2.0 1.0 2.0 3.0 1.0
out: -1.0
in: 6.0 5.0 4.0 4.0 3.0 9.0 7.0 8.0 3.0
out: 1.0
in: 1.0 3.0 1.0 2.0 2.0 2.0 5.0 3.0 2.0
out: -1.0
in: 8.0 6.0 4.0 3.0 5.0 9.0 3.0 1.0 1.0
out: 1.0
in: 10.0 3.0 3.0 10.0 2.0 10.0 7.0 3.0 3.0
out: 1.0
in: 10.0 10.0 10.0 3.0 10.0 8.0 8.0 1.0 1.0
out: 1.0
in: 3.0 3.0 2.0 1.0 2.0 3.0 3.0 1.0 1.0
out: -1.0
in: 1.0 1.0 1.0 1.0 2.0 5.0 1.0 1.0 1.0
out: -1.0
in: 8.0 3.0 3.0 1.0 2.0 2.0 3.0 2.0 1.0
out: -1.0
in: 4.0 5.0 5.0 10.0 4.0 10.0 7.0 5.0 8.0
out: 1.0
in: 1.0 1.0 1.0 1.0 4.0 3.0 1.0 1.0 1.0
out: -1.0
in: 3.0 2.0 1.0 1.0 2.0 2.0 3.0 1.0 1.0
out: -1.0
in: 1.0 1.0 2.0 2.0 2.0 1.0 3.0 1.0 1.0
out: -1.0
in: 4.0 2.0 1.0 1.0 2.0 2.0 3.0 1.0 1.0
out: -1.0
in: 10.0 10.0 10.0 2.0 10.0 10.0 5.0 3.0 3.0
out: 1.0
in: 5.0 3.0 5.0 1.0 8.0 10.0 5.0 3.0 1.0
out: 1.0
in: 5.0 4.0 6.0 7.0 9.0 7.0 8.0 10.0 1.0
out: 1.0
in: 1.0 1.0 1.0 1.0 2.0 1.0 2.0 1.0 1.0
out: -1.0
in: 7.0 5.0 3.0 7.0 4.0 10.0 7.0 5.0 5.0
out: 1.0
in: 3.0 1.0 1.0 1.0 2.0 1.0 3.0 1.0 1.0
out: -1.0
in: 8.0 3.0 5.0 4.0 5.0 10.0 1.0 6.0 2.0
out: 1.0
in: 1.0 1.0 1.0 1.0 10.0 1.0 1.0 1.0 1.0
out: -1.0
in: 5.0 1.0 3.0 1.0 2.0 1.0 2.0 1.0 1.0
out: -1.0
in: 2.0 1.0 1.0 1.0 2.0 1.0 3.0 1.0 1.0
out: -1.0
in: 5.0 10.0 8.0 10.0 8.0 10.0 3.0 6.0 3.0
out: 1.0
in: 3.0 1.0 1.0 1.0 2.0 1.0 2.0 2.0 1.0
out: -1.0
in: 3.0 1.0 1.0 1.0 3.0 1.0 2.0 1.0 1.0
out: -1.0
in: 5.0 1.0 1.0 1.0 2.0 2.0 3.0 3.0 1.0
out: -1.0
in: 4.0 1.0 1.0 1.0 2.0 1.0 2.0 1.0 1.0
out: -1.0
in: 3.0 1.0 1.0 1.0 2.0 1.0 1.0 1.0 1.0
out: -1.0
in: 4.0 1.0 2.0 1.0 2.0 1.0 2.0 1.0 1.0
out: -1.0
in: 3.0 1.0 1.0 1.0 2.0 1.0 1.0 1.0 1.0
out: -1.0
in: 2.0 1.0 1.0 1.0 2.0 1.0 1.0 1.0 1.0
out: -1.0
in: 9.0 5.0 5.0 4.0 4.0 5.0 4.0 3.0 3.0
out: 1.0
in: 1.0 1.0 1.0 1.0 2.0 5.0 1.0 1.0 1.0
out: -1.0
in: 2.0 1.0 1.0 1.0 2.0 1.0 2.0 1.0 1.0
out: -1.0
in: 3.0 4.0 5.0 2.0 6.0 8.0 4.0 1.0 1.0
out: 1.0
in: 1.0 1.0 1.0 1.0 3.0 2.0 2.0 1.0 1.0
out: -1.0
in: 3.0 1.0 1.0 3.0 8.0 1.0 5.0 8.0 1.0
out: -1.0
in: 8.0 8.0 7.0 4.0 10.0 10.0 7.0 8.0 7.0
out: 1.0
in: 1.0 1.0 1.0 1.0 1.0 1.0 3.0 1.0 1.0
out: -1.0
in: 7.0 2.0 4.0 1.0 6.0 10.0 5.0 4.0 3.0
out: 1.0
in: 10.0 10.0 8.0 6.0 4.0 5.0 8.0 10.0 1.0
out: 1.0
in: 4.0 1.0 1.0 1.0 2.0 3.0 1.0 1.0 1.0
out: -1.0
in: 1.0 1.0 1.0 1.0 2.0 1.0 1.0 1.0 1.0
out: -1.0
in: 5.0 5.0 5.0 6.0 3.0 10.0 3.0 1.0 1.0
out: 1.0
in: 1.0 2.0 2.0 1.0 2.0 1.0 2.0 1.0 1.0
out: -1.0
in: 2.0 1.0 1.0 1.0 2.0 1.0 3.0 1.0 1.0
out: -1.0
in: 9.0 9.0 10.0 3.0 6.0 10.0 7.0 10.0 6.0
out: 1.0
in: 10.0 7.0 7.0 4.0 5.0 10.0 5.0 7.0 2.0
out: 1.0
in: 4.0 1.0 1.0 1.0 2.0 1.0 3.0 2.0 1.0
out: -1.0
in: 3.0 1.0 1.0 1.0 2.0 1.0 3.0 1.0 1.0
out: -1.0
in: 1.0 1.0 1.0 2.0 1.0 3.0 1.0 1.0 7.0
out: -1.0
in: 4.0 1.0 1.0 1.0 2.0 2.0 3.0 2.0 1.0
out: -1.0
in: 5.0 6.0 7.0 8.0 8.0 10.0 3.0 10.0 3.0
out: 1.0
in: 10.0 8.0 10.0 10.0 6.0 1.0 3.0 1.0 10.0
out: 1.0
in: 3.0 1.0 1.0 1.0 2.0 1.0 3.0 1.0 1.0
out: -1.0
in: 1.0 1.0 1.0 2.0 1.0 1.0 1.0 1.0 1.0
out: -1.0
in: 3.0 1.0 1.0 1.0 2.0 1.0 1.0 1.0 1.0
out: -1.0
in: 1.0 1.0 1.0 1.0 2.0 1.0 3.0 1.0 1.0
out: -1.0
in: 1.0 1.0 1.0 1.0 2.0 1.0 2.0 1.0 1.0
out: -1.0
in: 6.0 10.0 10.0 10.0 8.0 10.0 10.0 10.0 7.0
out: 1.0
in: 8.0 6.0 5.0 4.0 3.0 10.0 6.0 1.0 1.0
out: 1.0
in: 5.0 8.0 7.0 7.0 10.0 10.0 5.0 7.0 1.0
out: 1.0
in: 2.0 1.0 1.0 1.0 2.0 1.0 3.0 1.0 1.0
out: -1.0
in: 5.0 10.0 10.0 3.0 8.0 1.0 5.0 10.0 3.0
out: 1.0
in: 4.0 1.0 1.0 1.0 2.0 1.0 3.0 1.0 1.0
out: -1.0
in: 5.0 3.0 3.0 3.0 6.0 10.0 3.0 1.0 1.0
out: 1.0
in: 1.0 1.0 1.0 1.0 1.0 1.0 3.0 1.0 1.0
out: -1.0
in: 1.0 1.0 1.0 1.0 2.0 1.0 1.0 1.0 1.0
out: -1.0
in: 6.0 1.0 1.0 1.0 2.0 1.0 3.0 1.0 1.0
out: -1.0
in: 5.0 8.0 8.0 8.0 5.0 10.0 7.0 8.0 1.0
out: 1.0
in: 8.0 7.0 6.0 4.0 4.0 10.0 5.0 1.0 1.0
out: 1.0
in: 2.0 1.0 1.0 1.0 1.0 1.0 3.0 1.0 1.0
out: -1.0
in: 1.0 5.0 8.0 6.0 5.0 8.0 7.0 10.0 1.0
out: 1.0
in: 10.0 5.0 6.0 10.0 6.0 10.0 7.0 7.0 10.0
out: 1.0
in: 5.0 8.0 4.0 10.0 5.0 8.0 9.0 10.0 1.0
out: 1.0
in: 1.0 2.0 3.0 1.0 2.0 1.0 3.0 1.0 1.0
out: -1.0
in: 10.0 10.0 10.0 8.0 6.0 8.0 7.0 10.0 1.0
out: 1.0
in: 7.0 5.0 10.0 10.0 10.0 10.0 4.0 10.0 3.0
out: 1.0
in: 5.0 1.0 1.0 1.0 2.0 1.0 2.0 1.0 1.0
out: -1.0
in: 1.0 1.0 1.0 1.0 2.0 1.0 3.0 1.0 1.0
out: -1.0
in: 3.0 1.0 1.0 1.0 2.0 1.0 3.0 1.0 1.0
out: -1.0
in: 4.0 1.0 1.0 1.0 2.0 1.0 3.0 1.0 1.0
out: -1.0
in: 8.0 4.0 4.0 5.0 4.0 7.0 7.0 8.0 2.0
out: -1.0
in: 5.0 1.0 1.0 4.0 2.0 1.0 3.0 1.0 1.0
out: -1.0
in: 1.0 1.0 1.0 1.0 2.0 1.0 1.0 1.0 1.0
out: -1.0
in: 3.0 1.0 1.0 1.0 2.0 1.0 2.0 1.0 1.0
out: -1.0
in: 9.0 7.0 7.0 5.0 5.0 10.0 7.0 8.0 3.0
out: 1.0
in: 10.0 8.0 8.0 4.0 10.0 10.0 8.0 1.0 1.0
out: 1.0
in: 1.0 1.0 1.0 1.0 2.0 1.0 3.0 1.0 1.0
out: -1.0
in: 5.0 1.0 1.0 1.0 2.0 1.0 3.0 1.0 1.0
out: -1.0
in: 1.0 1.0 1.0 1.0 2.0 1.0 3.0 1.0 1.0
out: -1.0
in: 5.0 10.0 10.0 9.0 6.0 10.0 7.0 10.0 5.0
out: 1.0
in: 10.0 10.0 9.0 3.0 7.0 5.0 3.0 5.0 1.0
out: 1.0
in: 1.0 1.0 1.0 1.0 1.0 1.0 3.0 1.0 1.0
out: -1.0
in: 1.0 1.0 1.0 1.0 1.0 1.0 3.0 1.0 1.0
out: -1.0
in: 5.0 1.0 1.0 1.0 1.0 1.0 3.0 1.0 1.0
out: -1.0
in: 8.0 10.0 10.0 10.0 5.0 10.0 8.0 10.0 6.0
out: 1.0
in: 8.0 10.0 8.0 8.0 4.0 8.0 7.0 7.0 1.0
out: 1.0
in: 1.0 1.0 1.0 1.0 2.0 1.0 3.0 1.0 1.0
out: -1.0
in: 10.0 10.0 10.0 10.0 7.0 10.0 7.0 10.0 4.0
out: 1.0
in: 10.0 10.0 10.0 10.0 3.0 10.0 10.0 6.0 1.0
out: 1.0
in: 8.0 7.0 8.0 7.0 5.0 5.0 5.0 10.0 2.0
out: 1.0
in: 1.0 1.0 1.0 1.0 2.0 1.0 2.0 1.0 1.0
out: -1.0
in: 1.0 1.0 1.0 1.0 2.0 1.0 3.0 1.0 1.0
out: -1.0
in: 6.0 10.0 7.0 7.0 6.0 4.0 8.0 10.0 2.0
out: 1.0
in: 6.0 1.0 3.0 1.0 2.0 1.0 3.0 1.0 1.0
out: -1.0
in: 1.0 1.0 1.0 2.0 2.0 1.0 3.0 1.0 1.0
out: -1.0
in: 10.0 6.0 4.0 3.0 10.0 10.0 9.0 10.0 1.0
out: 1.0
in: 4.0 1.0 1.0 3.0 1.0 5.0 2.0 1.0 1.0
out: 1.0
in: 7.0 5.0 6.0 3.0 3.0 8.0 7.0 4.0 1.0
out: 1.0
in: 10.0 5.0 5.0 6.0 3.0 10.0 7.0 9.0 2.0
out: 1.0
in: 1.0 1.0 1.0 1.0 2.0 1.0 2.0 1.0 1.0
out: -1.0
in: 10.0 5.0 7.0 4.0 4.0 10.0 8.0 9.0 1.0
out: 1.0
in: 8.0 9.0 9.0 5.0 3.0 5.0 7.0 7.0 1.0
out: 1.0
in: 1.0 1.0 1.0 1.0 1.0 1.0 3.0 1.0 1.0
out: -1.0
in: 10.0 10.0 10.0 3.0 10.0 10.0 9.0 10.0 1.0
out: 1.0
in: 7.0 4.0 7.0 4.0 3.0 7.0 7.0 6.0 1.0
out: 1.0
in: 6.0 8.0 7.0 5.0 6.0 8.0 8.0 9.0 2.0
out: 1.0
in: 8.0 4.0 6.0 3.0 3.0 1.0 4.0 3.0 1.0
out: -1.0
in: 10.0 4.0 5.0 5.0 5.0 10.0 4.0 1.0 1.0
out: 1.0
in: 3.0 3.0 2.0 1.0 3.0 1.0 3.0 6.0 1.0
out: -1.0
in: 10.0 8.0 8.0 2.0 8.0 10.0 4.0 8.0 10.0
out: 1.0
in: 9.0 8.0 8.0 5.0 6.0 2.0 4.0 10.0 4.0 
out: 1.0
in: 8.0 10.0 10.0 8.0 6.0 9.0 3.0 10.0 10.0 
out: 1.0
in: 10.0 4.0 3.0 2.0 3.0 10.0 5.0 3.0 2.0 
out: 1.0
in: 5.0 1.0 3.0 3.0 2.0 2.0 2.0 3.0 1.0 
out: -1.0
in: 3.0 1.0 1.0 3.0 1.0 1.0 3.0 1.0 1.0 
out: -1.0
in: 2.0 1.0 1.0 1.0 2.0 1.0 3.0 1.0 1.0 
out: -1.0
in: 1.0 1.0 1.0 1.0 2.0 5.0 5.0 1.0 1.0 
out: -1.0
in: 1.0 1.0 1.0 1.0 2.0 1.0 3.0 1.0 1.0 
out: -1.0
in: 5.0 1.0 1.0 2.0 2.0 2.0 3.0 1.0 1.0 
out: -1.0
in: 8.0 10.0 10.0 8.0 5.0 10.0 7.0 8.0 1.0
out:  1.0
in: 8.0 4.0 4.0 1.0 2.0 9.0 3.0 3.0 1.0
out:  1.0
in: 4.0 1.0 1.0 1.0 2.0 1.0 3.0 6.0 1.0 
out: -1.0
in: 1.0 2.0 2.0 1.0 2.0 1.0 1.0 1.0 1.0 
out: -1.0
in: 10.0 4.0 4.0 10.0 2.0 10.0 5.0 3.0 3.0 
out: 1.0
in: 6.0 3.0 3.0 5.0 3.0 10.0 3.0 5.0 3.0 
out: -1.0
in: 6.0 10.0 10.0 2.0 8.0 10.0 7.0 3.0 3.0 
out: 1.0
in: 9.0 10.0 10.0 1.0 10.0 8.0 3.0 3.0 1.0
out: 1.0
in: 5.0 6.0 6.0 2.0 4.0 10.0 3.0 6.0 1.0 
out: 1.0
in: 3.0 1.0 1.0 1.0 2.0 1.0 1.0 1.0 1.0 
out: -1.0
in: 3.0 1.0 1.0 1.0 2.0 1.0 2.0 1.0 1.0 
out: -1.0
in: 3.0 1.0 1.0 1.0 2.0 1.0 3.0 1.0 1.0 
out: -1.0
in: 5.0 7.0 7.0 1.0 5.0 8.0 3.0 4.0 1.0 
out: -1.0
in: 10.0 5.0 8.0 10.0 3.0 10.0 5.0 1.0 3.0 
out: 1.0
in: 5.0 10.0 10.0 6.0 10.0 10.0 10.0 6.0 5.0
out: 1.0
in: 8.0 8.0 9.0 4.0 5.0 10.0 7.0 8.0 1.0 
out: 1.0
in: 10.0 4.0 4.0 10.0 6.0 10.0 5.0 5.0 1.0 
out: 1.0
in: 7.0 9.0 4.0 10.0 10.0 3.0 5.0 3.0 3.0 
out: 1.0
in: 5.0 1.0 4.0 1.0 2.0 1.0 3.0 2.0 1.0 
out: -1.0
in: 10.0 10.0 6.0 3.0 3.0 10.0 4.0 3.0 2.0 
out: 1.0
in: 3.0 3.0 5.0 2.0 3.0 10.0 7.0 1.0 1.0 
out: 1.0
in: 10.0 8.0 8.0 2.0 3.0 4.0 8.0 7.0 8.0 
out: 1.0
in: 1.0 1.0 1.0 1.0 2.0 1.0 3.0 1.0 1.0 
out: -1.0
in: 8.0 4.0 7.0 1.0 3.0 10.0 3.0 9.0 2.0 
out: 1.0
in: 5.0 1.0 1.0 1.0 2.0 1.0 3.0 1.0 1.0 
out: -1.0
in: 3.0 3.0 5.0 2.0 3.0 10.0 7.0 1.0 1.0 
out: 1.0
in: 7.0 2.0 4.0 1.0 3.0 4.0 3.0 3.0 1.0 
out: 1.0
in: 3.0 1.0 1.0 1.0 2.0 1.0 3.0 2.0 1.0 
out: -1.0
in: 3.0 1.0 1.0 1.0 2.0 1.0 2.0 1.0 1.0 
out: -1.0
in: 1.0 1.0 1.0 1.0 2.0 1.0 2.0 1.0 1.0 
out: -1.0
in: 1.0 1.0 1.0 1.0 2.0 1.0 3.0 1.0 1.0 
out: -1.0
in: 10.0 5.0 7.0 3.0 3.0 7.0 3.0 3.0 8.0 
out: 1.0
in: 3.0 1.0 1.0 1.0 2.0 1.0 3.0 1.0 1.0 
out: -1.0
in: 2.0 1.0 1.0 2.0 2.0 1.0 3.0 1.0 1.0 
out: -1.0
in: 1.0 4.0 3.0 10.0 4.0 10.0 5.0 6.0 1.0 
out: 1.0
in: 10.0 4.0 6.0 1.0 2.0 10.0 5.0 3.0 1.0 
out: 1.0
in: 7.0 4.0 5.0 10.0 2.0 10.0 3.0 8.0 2.0 
out: 1.0
in: 8.0 10.0 10.0 10.0 8.0 10.0 10.0 7.0 3.0 
out: 1.0
in: 10.0 10.0 10.0 10.0 10.0 10.0 4.0 10.0 10.0 
out: 1.0
in: 3.0 1.0 1.0 1.0 3.0 1.0 2.0 1.0 1.0 
out: -1.0
in: 6.0 1.0 3.0 1.0 4.0 5.0 5.0 10.0 1.0 
out: 1.0
in: 5.0 6.0 6.0 8.0 6.0 10.0 4.0 10.0 4.0 
out: 1.0
in: 1.0 1.0 1.0 1.0 2.0 1.0 1.0 1.0 1.0 
out: -1.0
in: 1.0 1.0 1.0 1.0 2.0 1.0 3.0 1.0 1.0 
out: -1.0
in: 10.0 4.0 4.0 6.0 2.0 10.0 2.0 3.0 1.0 
out: 1.0
in: 5.0 5.0 7.0 8.0 6.0 10.0 7.0 4.0 1.0 
out: 1.0
in: 5.0 3.0 4.0 3.0 4.0 5.0 4.0 7.0 1.0 
out: -1.0
in: 8.0 2.0 1.0 1.0 5.0 1.0 1.0 1.0 1.0 
out: -1.0
in: 9.0 1.0 2.0 6.0 4.0 10.0 7.0 7.0 2.0 
out: 1.0
in: 8.0 4.0 10.0 5.0 4.0 4.0 7.0 10.0 1.0 
out: 1.0
in: 1.0 1.0 1.0 1.0 2.0 1.0 3.0 1.0 1.0 
out: -1.0
in: 10.0 10.0 10.0 7.0 9.0 10.0 7.0 10.0 10.0 
out: 1.0
in: 1.0 1.0 1.0 1.0 2.0 1.0 3.0 1.0 1.0 
out: -1.0
in: 8.0 3.0 4.0 9.0 3.0 10.0 3.0 3.0 1.0 
out: 1.0
in: 10.0 8.0 4.0 4.0 4.0 10.0 3.0 10.0 4.0 
out: 1.0
in: 1.0 1.0 1.0 1.0 2.0 1.0 3.0 1.0 1.0 
out: -1.0
in: 1.0 1.0 1.0 1.0 2.0 1.0 3.0 1.0 1.0 
out: -1.0
in: 7.0 8.0 7.0 6.0 4.0 3.0 8.0 8.0 4.0 
out: 1.0
in: 3.0 1.0 1.0 1.0 2.0 5.0 5.0 1.0 1.0 
out: -1.0
in: 2.0 1.0 1.0 1.0 3.0 1.0 2.0 1.0 1.0 
out: -1.0
in: 1.0 1.0 1.0 1.0 2.0 1.0 1.0 1.0 1.0 
out: -1.0
in: 8.0 6.0 4.0 10.0 10.0 1.0 3.0 5.0 1.0 
out: 1.0
in: 1.0 1.0 1.0 1.0 2.0 1.0 1.0 1.0 1.0 
out: -1.0
in: 1.0 1.0 1.0 1.0 1.0 1.0 2.0 1.0 1.0 
out: -1.0
in: 5.0 5.0 5.0 2.0 5.0 10.0 4.0 3.0 1.0 
out: 1.0
in: 6.0 8.0 7.0 8.0 6.0 8.0 8.0 9.0 1.0 
out: 1.0
in: 1.0 1.0 1.0 1.0 5.0 1.0 3.0 1.0 1.0 
out: -1.0
in: 4.0 4.0 4.0 4.0 6.0 5.0 7.0 3.0 1.0 
out: -1.0
in: 7.0 6.0 3.0 2.0 5.0 10.0 7.0 4.0 6.0 
out: 1.0
in: 3.0 1.0 1.0 1.0 2.0 1.0 3.0 1.0 1.0 
out: -1.0
in: 5.0 4.0 6.0 10.0 2.0 10.0 4.0 1.0 1.0 
out: 1.0
in: 1.0 1.0 1.0 1.0 2.0 1.0 3.0 1.0 1.0 
out: -1.0
in: 3.0 2.0 2.0 1.0 2.0 1.0 2.0 3.0 1.0 
out: -1.0
in: 10.0 1.0 1.0 1.0 2.0 10.0 5.0 4.0 1.0 
out: 1.0
in: 1.0 1.0 1.0 1.0 2.0 1.0 2.0 1.0 1.0 
out: -1.0
in: 8.0 10.0 3.0 2.0 6.0 4.0 3.0 10.0 1.0 
out: 1.0
in: 10.0 4.0 6.0 4.0 5.0 10.0 7.0 1.0 1.0 
out: 1.0
in: 10.0 4.0 7.0 2.0 2.0 8.0 6.0 1.0 1.0 
out: 1.0
in: 5.0 1.0 1.0 1.0 2.0 1.0 3.0 1.0 2.0 
out: -1.0
in: 5.0 2.0 2.0 2.0 2.0 1.0 2.0 2.0 1.0 
out: -1.0
in: 5.0 4.0 6.0 6.0 4.0 10.0 4.0 3.0 1.0 
out: 1.0
in: 8.0 6.0 7.0 3.0 3.0 10.0 3.0 4.0 2.0 
out: 1.0
in: 1.0 1.0 1.0 1.0 2.0 1.0 1.0 1.0 1.0 
out: -1.0
in: 6.0 5.0 5.0 8.0 4.0 10.0 3.0 4.0 1.0 
out: 1.0
in: 1.0 1.0 1.0 1.0 2.0 1.0 3.0 1.0 1.0 
out: -1.0
in: 1.0 1.0 1.0 1.0 1.0 1.0 2.0 1.0 1.0 
out: -1.0
in: 8.0 5.0 5.0 5.0 2.0 10.0 4.0 3.0 1.0 
out: 1.0
in: 10.0 3.0 3.0 1.0 2.0 10.0 7.0 6.0 1.0 
out: 1.0
in: 1.0 1.0 1.0 1.0 2.0 1.0 3.0 1.0 1.0 
out: -1.0
in: 2.0 1.0 1.0 1.0 2.0 1.0 1.0 1.0 1.0 
out: -1.0
in: 1.0 1.0 1.0 1.0 2.0 1.0 1.0 1.0 1.0 
out: -1.0
in: 7.0 6.0 4.0 8.0 10.0 10.0 9.0 5.0 3.0 
out: 1.0
in: 1.0 1.0 1.0 1.0 2.0 1.0 1.0 1.0 1.0 
out: -1.0
in: 5.0 2.0 2.0 2.0 3.0 1.0 1.0 3.0 1.0 
out: -1.0
in: 1.0 1.0 1.0 1.0 1.0 1.0 1.0 3.0 1.0 
out: -1.0
in: 3.0 4.0 4.0 10.0 5.0 1.0 3.0 3.0 1.0 
out: 1.0
in: 4.0 2.0 3.0 5.0 3.0 8.0 7.0 6.0 1.0 
out: 1.0
in: 5.0 1.0 1.0 3.0 2.0 1.0 1.0 1.0 1.0 
out: -1.0
in: 2.0 1.0 1.0 1.0 2.0 1.0 3.0 1.0 1.0 
out: -1.0
in: 3.0 4.0 5.0 3.0 7.0 3.0 4.0 6.0 1.0 
out: -1.0
in: 2.0 7.0 10.0 10.0 7.0 10.0 4.0 9.0 4.0 
out: 1.0
in: 1.0 1.0 1.0 1.0 2.0 1.0 2.0 1.0 1.0 
out: -1.0
in: 4.0 1.0 1.0 1.0 3.0 1.0 2.0 2.0 1.0 
out: -1.0
in: 5.0 3.0 3.0 1.0 3.0 3.0 3.0 3.0 3.0 
out: 1.0
in: 8.0 10.0 10.0 7.0 10.0 10.0 7.0 3.0 8.0 
out: 1.0
in: 8.0 10.0 5.0 3.0 8.0 4.0 4.0 10.0 3.0 
out: 1.0
in: 10.0 3.0 5.0 4.0 3.0 7.0 3.0 5.0 3.0 
out: 1.0
in: 6.0 10.0 10.0 10.0 10.0 10.0 8.0 10.0 10.0 
out: 1.0
in: 3.0 10.0 3.0 10.0 6.0 10.0 5.0 1.0 4.0 
out: 1.0
in: 3.0 2.0 2.0 1.0 4.0 3.0 2.0 1.0 1.0 
out: -1.0
in: 4.0 4.0 4.0 2.0 2.0 3.0 2.0 1.0 1.0 
out: -1.0
in: 2.0 1.0 1.0 1.0 2.0 1.0 3.0 1.0 1.0 
out: -1.0
in: 2.0 1.0 1.0 1.0 2.0 1.0 2.0 1.0 1.0 
out: -1.0
in: 6.0 10.0 10.0 10.0 8.0 10.0 7.0 10.0 7.0 
out: 1.0
in: 5.0 8.0 8.0 10.0 5.0 10.0 8.0 10.0 3.0 
out: 1.0
in: 1.0 1.0 3.0 1.0 2.0 1.0 1.0 1.0 1.0 
out: -1.0
in: 1.0 1.0 3.0 1.0 1.0 1.0 2.0 1.0 1.0 
out: -1.0
in: 4.0 3.0 2.0 1.0 3.0 1.0 2.0 1.0 1.0 
out: -1.0
in: 1.0 1.0 3.0 1.0 2.0 1.0 1.0 1.0 1.0 
out: -1.0
in: 4.0 1.0 2.0 1.0 2.0 1.0 2.0 1.0 1.0 
out: -1.0
in: 5.0 1.0 1.0 2.0 2.0 1.0 2.0 1.0 1.0 
out: -1.0
in: 3.0 1.0 2.0 1.0 2.0 1.0 2.0 1.0 1.0 
out: -1.0
in: 1.0 1.0 1.0 1.0 2.0 1.0 1.0 1.0 1.0 
out: -1.0
in: 1.0 1.0 1.0 1.0 2.0 1.0 2.0 1.0 1.0 
out: -1.0
in: 1.0 1.0 1.0 1.0 1.0 1.0 2.0 1.0 1.0 
out: -1.0
in: 3.0 1.0 1.0 4.0 3.0 1.0 2.0 2.0 1.0 
out: -1.0
in: 5.0 3.0 4.0 1.0 4.0 1.0 3.0 1.0 1.0 
out: -1.0
in: 1.0 1.0 1.0 1.0 2.0 1.0 1.0 1.0 1.0 
out: -1.0
in: 10.0 6.0 3.0 6.0 4.0 10.0 7.0 8.0 4.0 
out: 1.0
in: 3.0 2.0 2.0 2.0 2.0 1.0 3.0 2.0 1.0 
out: -1.0
in: 2.0 1.0 1.0 1.0 2.0 1.0 1.0 1.0 1.0 
out: -1.0
in: 2.0 1.0 1.0 1.0 2.0 1.0 1.0 1.0 1.0 
out: -1.0
in: 3.0 3.0 2.0 2.0 3.0 1.0 1.0 2.0 3.0 
out: -1.0
in: 7.0 6.0 6.0 3.0 2.0 10.0 7.0 1.0 1.0 
out: 1.0
in: 5.0 3.0 3.0 2.0 3.0 1.0 3.0 1.0 1.0 
out: -1.0
in: 2.0 1.0 1.0 1.0 2.0 1.0 2.0 2.0 1.0 
out: -1.0
in: 5.0 1.0 1.0 1.0 3.0 2.0 2.0 2.0 1.0 
out: -1.0
in: 1.0 1.0 1.0 2.0 2.0 1.0 2.0 1.0 1.0 
out: -1.0
in: 10.0 8.0 7.0 4.0 3.0 10.0 7.0 9.0 1.0 
out: 1.0
in: 3.0 1.0 1.0 1.0 2.0 1.0 2.0 1.0 1.0 
out: -1.0
in: 1.0 1.0 1.0 1.0 1.0 1.0 1.0 1.0 1.0 
out: -1.0
in: 1.0 2.0 3.0 1.0 2.0 1.0 2.0 1.0 1.0 
out: -1.0
in: 3.0 1.0 1.0 1.0 2.0 1.0 2.0 1.0 1.0 
out: -1.0
in: 3.0 1.0 1.0 1.0 2.0 1.0 3.0 1.0 1.0 
out: -1.0
in: 4.0 1.0 1.0 1.0 2.0 1.0 1.0 1.0 1.0 
out: -1.0
in: 3.0 2.0 1.0 1.0 2.0 1.0 2.0 2.0 1.0 
out: -1.0
in: 1.0 2.0 3.0 1.0 2.0 1.0 1.0 1.0 1.0 
out: -1.0
in: 3.0 10.0 8.0 7.0 6.0 9.0 9.0 3.0 8.0 
out: 1.0
in: 3.0 1.0 1.0 1.0 2.0 1.0 1.0 1.0 1.0 
out: -1.0
in: 5.0 3.0 3.0 1.0 2.0 1.0 2.0 1.0 1.0 
out: -1.0
in: 3.0 1.0 1.0 1.0 2.0 4.0 1.0 1.0 1.0 
out: -1.0
in: 1.0 2.0 1.0 3.0 2.0 1.0 1.0 2.0 1.0 
out: -1.0
in: 1.0 1.0 1.0 1.0 2.0 1.0 2.0 1.0 1.0 
out: -1.0
in: 4.0 2.0 2.0 1.0 2.0 1.0 2.0 1.0 1.0 
out: -1.0
in: 1.0 1.0 1.0 1.0 2.0 1.0 2.0 1.0 1.0 
out: -1.0
in: 2.0 3.0 2.0 2.0 2.0 2.0 3.0 1.0 1.0 
out: -1.0
in: 3.0 1.0 2.0 1.0 2.0 1.0 2.0 1.0 1.0 
out: -1.0
in: 1.0 1.0 1.0 1.0 2.0 1.0 2.0 1.0 1.0 
out: -1.0
in: 10.0 10.0 10.0 6.0 8.0 4.0 8.0 5.0 1.0 
out: 1.0
in: 5.0 1.0 2.0 1.0 2.0 1.0 3.0 1.0 1.0 
out: -1.0
in: 8.0 5.0 6.0 2.0 3.0 10.0 6.0 6.0 1.0 
out: 1.0
in: 3.0 3.0 2.0 6.0 3.0 3.0 3.0 5.0 1.0 
out: -1.0
in: 8.0 7.0 8.0 5.0 10.0 10.0 7.0 2.0 1.0 
out: 1.0
in: 1.0 1.0 1.0 1.0 2.0 1.0 2.0 1.0 1.0 
out: -1.0
in: 5.0 2.0 2.0 2.0 2.0 2.0 3.0 2.0 2.0 
out: -1.0
in: 2.0 3.0 1.0 1.0 5.0 1.0 1.0 1.0 1.0 
out: -1.0
in: 3.0 2.0 2.0 3.0 2.0 3.0 3.0 1.0 1.0 
out: -1.0
in: 10.0 10.0 10.0 7.0 10.0 10.0 8.0 2.0 1.0 
out: 1.0
in: 4.0 3.0 3.0 1.0 2.0 1.0 3.0 3.0 1.0 
out: -1.0
in: 5.0 1.0 3.0 1.0 2.0 1.0 2.0 1.0 1.0 
out: -1.0
in: 3.0 1.0 1.0 1.0 2.0 1.0 1.0 1.0 1.0 
out: -1.0
in: 9.0 10.0 10.0 10.0 10.0 10.0 10.0 10.0 1.0 
out: 1.0
in: 5.0 3.0 6.0 1.0 2.0 1.0 1.0 1.0 1.0 
out: -1.0
in: 8.0 7.0 8.0 2.0 4.0 2.0 5.0 10.0 1.0 
out: 1.0
in: 1.0 1.0 1.0 1.0 2.0 1.0 2.0 1.0 1.0 
out: -1.0
in: 2.0 1.0 1.0 1.0 2.0 1.0 2.0 1.0 1.0 
out: -1.0
in: 1.0 3.0 1.0 1.0 2.0 1.0 2.0 2.0 1.0 
out: -1.0
in: 5.0 1.0 1.0 3.0 4.0 1.0 3.0 2.0 1.0 
out: -1.0
in: 5.0 1.0 1.0 1.0 2.0 1.0 2.0 2.0 1.0 
out: -1.0
in: 3.0 2.0 2.0 3.0 2.0 1.0 1.0 1.0 1.0 
out: -1.0
in: 6.0 9.0 7.0 5.0 5.0 8.0 4.0 2.0 1.0 
out: -1.0
in: 10.0 8.0 10.0 1.0 3.0 10.0 5.0 1.0 1.0 
out: 1.0
in: 10.0 10.0 10.0 1.0 6.0 1.0 2.0 8.0 1.0 
out: 1.0
in: 4.0 1.0 1.0 1.0 2.0 1.0 1.0 1.0 1.0 
out: -1.0
in: 4.0 1.0 3.0 3.0 2.0 1.0 1.0 1.0 1.0 
out: -1.0
in: 5.0 1.0 1.0 1.0 2.0 1.0 1.0 1.0 1.0 
out: -1.0
in: 10.0 4.0 3.0 10.0 4.0 10.0 10.0 1.0 1.0 
out: 1.0
in: 5.0 2.0 2.0 4.0 2.0 4.0 1.0 1.0 1.0 
out: -1.0
in: 1.0 1.0 1.0 3.0 2.0 3.0 1.0 1.0 1.0 
out: -1.0
in: 1.0 1.0 1.0 1.0 2.0 2.0 1.0 1.0 1.0 
out: -1.0
in: 5.0 1.0 1.0 6.0 3.0 1.0 2.0 1.0 1.0 
out: -1.0
in: 2.0 1.0 1.0 1.0 2.0 1.0 1.0 1.0 1.0 
out: -1.0
in: 1.0 1.0 1.0 1.0 2.0 1.0 1.0 1.0 1.0 
out: -1.0
in: 5.0 1.0 1.0 1.0 2.0 1.0 1.0 1.0 1.0 
out: -1.0
in: 1.0 1.0 1.0 1.0 1.0 1.0 1.0 1.0 1.0 
out: -1.0
in: 5.0 7.0 9.0 8.0 6.0 10.0 8.0 10.0 1.0 
out: 1.0
in: 4.0 1.0 1.0 3.0 1.0 1.0 2.0 1.0 1.0 
out: -1.0
in: 5.0 1.0 1.0 1.0 2.0 1.0 1.0 1.0 1.0 
out: -1.0
in: 3.0 1.0 1.0 3.0 2.0 1.0 1.0 1.0 1.0 
out: -1.0
in: 4.0 5.0 5.0 8.0 6.0 10.0 10.0 7.0 1.0 
out: 1.0
in: 2.0 3.0 1.0 1.0 3.0 1.0 1.0 1.0 1.0 
out: -1.0
in: 10.0 2.0 2.0 1.0 2.0 6.0 1.0 1.0 2.0 
out: 1.0
in: 10.0 6.0 5.0 8.0 5.0 10.0 8.0 6.0 1.0 
out: 1.0
in: 8.0 8.0 9.0 6.0 6.0 3.0 10.0 10.0 1.0 
out: 1.0
in: 5.0 1.0 2.0 1.0 2.0 1.0 1.0 1.0 1.0 
out: -1.0
in: 5.0 1.0 3.0 1.0 2.0 1.0 1.0 1.0 1.0 
out: -1.0
in: 5.0 1.0 1.0 3.0 2.0 1.0 1.0 1.0 1.0 
out: -1.0
in: 3.0 1.0 1.0 1.0 2.0 5.0 1.0 1.0 1.0 
out: -1.0
in: 6.0 1.0 1.0 3.0 2.0 1.0 1.0 1.0 1.0 
out: -1.0
in: 4.0 1.0 1.0 1.0 2.0 1.0 1.0 2.0 1.0 
out: -1.0
in: 4.0 1.0 1.0 1.0 2.0 1.0 1.0 1.0 1.0 
out: -1.0
in: 10.0 9.0 8.0 7.0 6.0 4.0 7.0 10.0 3.0 
out: 1.0
in: 10.0 6.0 6.0 2.0 4.0 10.0 9.0 7.0 1.0 
out: 1.0
in: 6.0 6.0 6.0 5.0 4.0 10.0 7.0 6.0 2.0 
out: 1.0
in: 4.0 1.0 1.0 1.0 2.0 1.0 1.0 1.0 1.0 
out: -1.0
in: 1.0 1.0 2.0 1.0 2.0 1.0 2.0 1.0 1.0 
out: -1.0
in: 3.0 1.0 1.0 1.0 1.0 1.0 2.0 1.0 1.0 
out: -1.0
in: 6.0 1.0 1.0 3.0 2.0 1.0 1.0 1.0 1.0 
out: -1.0
in: 6.0 1.0 1.0 1.0 1.0 1.0 1.0 1.0 1.0 
out: -1.0
in: 4.0 1.0 1.0 1.0 2.0 1.0 1.0 1.0 1.0 
out: -1.0
in: 5.0 1.0 1.0 1.0 2.0 1.0 1.0 1.0 1.0 
out: -1.0
in: 3.0 1.0 1.0 1.0 2.0 1.0 1.0 1.0 1.0 
out: -1.0
in: 4.0 1.0 2.0 1.0 2.0 1.0 1.0 1.0 1.0 
out: -1.0
in: 4.0 1.0 1.0 1.0 2.0 1.0 1.0 1.0 1.0 
out: -1.0
in: 5.0 2.0 1.0 1.0 2.0 1.0 1.0 1.0 1.0 
out: -1.0
in: 4.0 8.0 7.0 10.0 4.0 10.0 7.0 5.0 1.0 
out: 1.0
in: 5.0 1.0 1.0 1.0 1.0 1.0 1.0 1.0 1.0 
out: -1.0
in: 5.0 3.0 2.0 4.0 2.0 1.0 1.0 1.0 1.0 
out: -1.0
in: 9.0 10.0 10.0 10.0 10.0 5.0 10.0 10.0 10.0 
out: 1.0
in: 8.0 7.0 8.0 5.0 5.0 10.0 9.0 10.0 1.0 
out: 1.0
in: 5.0 1.0 2.0 1.0 2.0 1.0 1.0 1.0 1.0 
out: -1.0
in: 1.0 1.0 1.0 3.0 1.0 3.0 1.0 1.0 1.0 
out: -1.0
in: 3.0 1.0 1.0 1.0 1.0 1.0 2.0 1.0 1.0 
out: -1.0
in: 10.0 10.0 10.0 10.0 6.0 10.0 8.0 1.0 5.0 
out: 1.0
in: 3.0 6.0 4.0 10.0 3.0 3.0 3.0 4.0 1.0 
out: 1.0
in: 6.0 3.0 2.0 1.0 3.0 4.0 4.0 1.0 1.0 
out: 1.0
in: 1.0 1.0 1.0 1.0 2.0 1.0 1.0 1.0 1.0 
out: -1.0
in: 5.0 8.0 9.0 4.0 3.0 10.0 7.0 1.0 1.0 
out: 1.0
in: 4.0 1.0 1.0 1.0 1.0 1.0 2.0 1.0 1.0 
out: -1.0
in: 5.0 10.0 10.0 10.0 6.0 10.0 6.0 5.0 2.0 
out: 1.0
in: 5.0 1.0 2.0 10.0 4.0 5.0 2.0 1.0 1.0 
out: -1.0
in: 3.0 1.0 1.0 1.0 1.0 1.0 2.0 1.0 1.0 
out: -1.0
in: 1.0 1.0 1.0 1.0 1.0 1.0 1.0 1.0 1.0 
out: -1.0
in: 4.0 2.0 1.0 1.0 2.0 1.0 1.0 1.0 1.0 
out: -1.0
in: 4.0 1.0 1.0 1.0 2.0 1.0 2.0 1.0 1.0 
out: -1.0
in: 4.0 1.0 1.0 1.0 2.0 1.0 2.0 1.0 1.0 
out: -1.0
in: 6.0 1.0 1.0 1.0 2.0 1.0 3.0 1.0 1.0 
out: -1.0
in: 4.0 1.0 1.0 1.0 2.0 1.0 2.0 1.0 1.0 
out: -1.0
in: 4.0 1.0 1.0 2.0 2.0 1.0 2.0 1.0 1.0 
out: -1.0
in: 4.0 1.0 1.0 1.0 2.0 1.0 3.0 1.0 1.0 
out: -1.0
in: 1.0 1.0 1.0 1.0 2.0 1.0 1.0 1.0 1.0 
out: -1.0
in: 3.0 3.0 1.0 1.0 2.0 1.0 1.0 1.0 1.0 
out: -1.0
in: 8.0 10.0 10.0 10.0 7.0 5.0 4.0 8.0 7.0 
out: 1.0
in: 1.0 1.0 1.0 1.0 2.0 4.0 1.0 1.0 1.0 
out: -1.0
in: 5.0 1.0 1.0 1.0 2.0 1.0 1.0 1.0 1.0 
out: -1.0
in: 2.0 1.0 1.0 1.0 2.0 1.0 1.0 1.0 1.0 
out: -1.0
in: 1.0 1.0 1.0 1.0 2.0 1.0 1.0 1.0 1.0 
out: -1.0
in: 5.0 1.0 1.0 1.0 2.0 1.0 2.0 1.0 1.0 
out: -1.0
in: 5.0 1.0 1.0 1.0 2.0 1.0 1.0 1.0 1.0 
out: -1.0
in: 3.0 1.0 1.0 1.0 1.0 1.0 2.0 1.0 1.0 
out: -1.0
in: 6.0 6.0 7.0 10.0 3.0 10.0 8.0 10.0 2.0 
out: 1.0
in: 4.0 10.0 4.0 7.0 3.0 10.0 9.0 10.0 1.0 
out: 1.0
in: 1.0 1.0 1.0 1.0 1.0 1.0 1.0 1.0 1.0 
out: -1.0
in: 1.0 1.0 1.0 1.0 1.0 1.0 2.0 1.0 1.0 
out: -1.0
in: 3.0 1.0 2.0 2.0 2.0 1.0 1.0 1.0 1.0 
out: -1.0
in: 4.0 7.0 8.0 3.0 4.0 10.0 9.0 1.0 1.0 
out: 1.0
in: 1.0 1.0 1.0 1.0 3.0 1.0 1.0 1.0 1.0 
out: -1.0
in: 4.0 1.0 1.0 1.0 3.0 1.0 1.0 1.0 1.0 
out: -1.0
in: 10.0 4.0 5.0 4.0 3.0 5.0 7.0 3.0 1.0 
out: 1.0
in: 7.0 5.0 6.0 10.0 4.0 10.0 5.0 3.0 1.0 
out: 1.0
in: 3.0 1.0 1.0 1.0 2.0 1.0 2.0 1.0 1.0 
out: -1.0
in: 3.0 1.0 1.0 2.0 2.0 1.0 1.0 1.0 1.0 
out: -1.0
in: 4.0 1.0 1.0 1.0 2.0 1.0 1.0 1.0 1.0 
out: -1.0
in: 4.0 1.0 1.0 1.0 2.0 1.0 3.0 1.0 1.0 
out: -1.0
in: 6.0 1.0 3.0 2.0 2.0 1.0 1.0 1.0 1.0 
out: -1.0
in: 4.0 1.0 1.0 1.0 1.0 1.0 2.0 1.0 1.0 
out: -1.0
in: 7.0 4.0 4.0 3.0 4.0 10.0 6.0 9.0 1.0 
out: 1.0
in: 4.0 2.0 2.0 1.0 2.0 1.0 2.0 1.0 1.0 
out: -1.0
in: 1.0 1.0 1.0 1.0 1.0 1.0 3.0 1.0 1.0 
out: -1.0
in: 3.0 1.0 1.0 1.0 2.0 1.0 2.0 1.0 1.0 
out: -1.0
in: 2.0 1.0 1.0 1.0 2.0 1.0 2.0 1.0 1.0 
out: -1.0
in: 1.0 1.0 3.0 2.0 2.0 1.0 3.0 1.0 1.0 
out: -1.0
in: 5.0 1.0 1.0 1.0 2.0 1.0 3.0 1.0 1.0 
out: -1.0
in: 5.0 1.0 2.0 1.0 2.0 1.0 3.0 1.0 1.0 
out: -1.0
in: 4.0 1.0 1.0 1.0 2.0 1.0 2.0 1.0 1.0 
out: -1.0
in: 6.0 1.0 1.0 1.0 2.0 1.0 2.0 1.0 1.0 
out: -1.0
in: 5.0 1.0 1.0 1.0 2.0 2.0 2.0 1.0 1.0 
out: -1.0
in: 3.0 1.0 1.0 1.0 2.0 1.0 1.0 1.0 1.0 
out: -1.0
in: 5.0 3.0 1.0 1.0 2.0 1.0 1.0 1.0 1.0 
out: -1.0
in: 4.0 1.0 1.0 1.0 2.0 1.0 2.0 1.0 1.0 
out: -1.0
in: 2.0 1.0 3.0 2.0 2.0 1.0 2.0 1.0 1.0 
out: -1.0
in: 5.0 1.0 1.0 1.0 2.0 1.0 2.0 1.0 1.0 
out: -1.0
in: 6.0 10.0 10.0 10.0 4.0 10.0 7.0 10.0 1.0 
out: 1.0
in: 2.0 1.0 1.0 1.0 1.0 1.0 1.0 1.0 1.0 
out: -1.0
in: 3.0 1.0 1.0 1.0 1.0 1.0 1.0 1.0 1.0 
out: -1.0
in: 7.0 8.0 3.0 7.0 4.0 5.0 7.0 8.0 2.0 
out: 1.0
in: 3.0 1.0 1.0 1.0 2.0 1.0 2.0 1.0 1.0 
out: -1.0
in: 1.0 1.0 1.0 1.0 2.0 1.0 3.0 1.0 1.0 
out: -1.0
in: 3.0 2.0 2.0 2.0 2.0 1.0 4.0 2.0 1.0 
out: -1.0
in: 4.0 4.0 2.0 1.0 2.0 5.0 2.0 1.0 2.0 
out: -1.0
in: 3.0 1.0 1.0 1.0 2.0 1.0 1.0 1.0 1.0 
out: -1.0
in: 4.0 3.0 1.0 1.0 2.0 1.0 4.0 8.0 1.0 
out: -1.0
in: 5.0 2.0 2.0 2.0 1.0 1.0 2.0 1.0 1.0
out: -1.0
in: 5.0 1.0 1.0 3.0 2.0 1.0 1.0 1.0 1.0 
out: -1.0
in: 2.0 1.0 1.0 1.0 2.0 1.0 2.0 1.0 1.0 
out: -1.0
in: 5.0 1.0 1.0 1.0 2.0 1.0 2.0 1.0 1.0 
out: -1.0
in: 5.0 1.0 1.0 1.0 2.0 1.0 3.0 1.0 1.0 
out: -1.0
in: 5.0 1.0 1.0 1.0 2.0 1.0 3.0 1.0 1.0 
out: -1.0
in: 1.0 1.0 1.0 1.0 2.0 1.0 3.0 1.0 1.0 
out: -1.0
in: 3.0 1.0 1.0 1.0 2.0 1.0 2.0 1.0 1.0 
out: -1.0
in: 4.0 1.0 1.0 1.0 2.0 1.0 3.0 2.0 1.0 
out: -1.0
in: 5.0 7.0 10.0 10.0 5.0 10.0 10.0 10.0 1.0 
out: 1.0
in: 3.0 1.0 2.0 1.0 2.0 1.0 3.0 1.0 1.0 
out: -1.0
in: 4.0 1.0 1.0 1.0 2.0 3.0 2.0 1.0 1.0 
out: -1.0
in: 8.0 4.0 4.0 1.0 6.0 10.0 2.0 5.0 2.0 
out: 1.0
in: 10.0 10.0 8.0 10.0 6.0 5.0 10.0 3.0 1.0 
out: 1.0
in: 8.0 10.0 4.0 4.0 8.0 10.0 8.0 2.0 1.0 
out: 1.0
in: 7.0 6.0 10.0 5.0 3.0 10.0 9.0 10.0 2.0 
out: 1.0
in: 3.0 1.0 1.0 1.0 2.0 1.0 2.0 1.0 1.0 
out: -1.0
in: 1.0 1.0 1.0 1.0 2.0 1.0 2.0 1.0 1.0 
out: -1.0
in: 10.0 9.0 7.0 3.0 4.0 2.0 7.0 7.0 1.0 
out: 1.0
in: 5.0 1.0 2.0 1.0 2.0 1.0 3.0 1.0 1.0 
out: -1.0
in: 5.0 1.0 1.0 1.0 2.0 1.0 2.0 1.0 1.0 
out: -1.0
in: 1.0 1.0 1.0 1.0 2.0 1.0 2.0 1.0 1.0 
out: -1.0
in: 1.0 1.0 1.0 1.0 2.0 1.0 2.0 1.0 1.0 
out: -1.0
in: 1.0 1.0 1.0 1.0 2.0 1.0 3.0 1.0 1.0 
out: -1.0
in: 5.0 1.0 2.0 1.0 2.0 1.0 2.0 1.0 1.0 
out: -1.0
in: 5.0 7.0 10.0 6.0 5.0 10.0 7.0 5.0 1.0 
out: 1.0
in: 6.0 10.0 5.0 5.0 4.0 10.0 6.0 10.0 1.0 
out: 1.0
in: 3.0 1.0 1.0 1.0 2.0 1.0 1.0 1.0 1.0 
out: -1.0
in: 5.0 1.0 1.0 6.0 3.0 1.0 1.0 1.0 1.0 
out: -1.0
in: 1.0 1.0 1.0 1.0 2.0 1.0 1.0 1.0 1.0 
out: -1.0
in: 8.0 10.0 10.0 10.0 6.0 10.0 10.0 10.0 1.0 
out: 1.0
in: 5.0 1.0 1.0 1.0 2.0 1.0 2.0 2.0 1.0 
out: -1.0
in: 9.0 8.0 8.0 9.0 6.0 3.0 4.0 1.0 1.0 
out: 1.0
in: 5.0 1.0 1.0 1.0 2.0 1.0 1.0 1.0 1.0 
out: -1.0
in: 4.0 10.0 8.0 5.0 4.0 1.0 10.0 1.0 1.0 
out: 1.0
in: 2.0 5.0 7.0 6.0 4.0 10.0 7.0 6.0 1.0 
out: 1.0
in: 10.0 3.0 4.0 5.0 3.0 10.0 4.0 1.0 1.0 
out: 1.0
in: 5.0 1.0 2.0 1.0 2.0 1.0 1.0 1.0 1.0 
out: -1.0
in: 4.0 8.0 6.0 3.0 4.0 10.0 7.0 1.0 1.0 
out: 1.0
in: 5.0 1.0 1.0 1.0 2.0 1.0 2.0 1.0 1.0 
out: -1.0
in: 4.0 1.0 2.0 1.0 2.0 1.0 2.0 1.0 1.0 
out: -1.0
in: 5.0 1.0 3.0 1.0 2.0 1.0 3.0 1.0 1.0 
out: -1.0
in: 3.0 1.0 1.0 1.0 2.0 1.0 2.0 1.0 1.0 
out: -1.0
in: 5.0 2.0 4.0 1.0 1.0 1.0 1.0 1.0 1.0 
out: -1.0
in: 3.0 1.0 1.0 1.0 2.0 1.0 2.0 1.0 1.0 
out: -1.0
in: 1.0 1.0 1.0 1.0 1.0 1.0 2.0 1.0 1.0 
out: -1.0
in: 4.0 1.0 1.0 1.0 2.0 1.0 2.0 1.0 1.0 
out: -1.0
in: 5.0 4.0 6.0 8.0 4.0 1.0 8.0 10.0 1.0
out: 1.0
in: 5.0 3.0 2.0 8.0 5.0 10.0 8.0 1.0 2.0 
out: 1.0
in: 10.0 5.0 10.0 3.0 5.0 8.0 7.0 8.0 3.0 
out: 1.0
in: 4.0 1.0 1.0 2.0 2.0 1.0 1.0 1.0 1.0 
out: -1.0
in: 1.0 1.0 1.0 1.0 2.0 1.0 1.0 1.0 1.0 
out: -1.0
in: 5.0 10.0 10.0 10.0 10.0 10.0 10.0 1.0 1.0 
out: 1.0
in: 5.0 1.0 1.0 1.0 2.0 1.0 1.0 1.0 1.0 
out: -1.0
in: 10.0 4.0 3.0 10.0 3.0 10.0 7.0 1.0 2.0 
out: 1.0
in: 5.0 10.0 10.0 10.0 5.0 2.0 8.0 5.0 1.0 
out: 1.0
in: 8.0 10.0 10.0 10.0 6.0 10.0 10.0 10.0 10.0 
out: 1.0
in: 2.0 3.0 1.0 1.0 2.0 1.0 2.0 1.0 1.0 
out: -1.0
in: 2.0 1.0 1.0 1.0 1.0 1.0 2.0 1.0 1.0 
out: -1.0
in: 4.0 1.0 3.0 1.0 2.0 1.0 2.0 1.0 1.0 
out: -1.0
in: 3.0 1.0 1.0 1.0 2.0 1.0 2.0 1.0 1.0 
out: -1.0
in: 4.0 1.0 1.0 1.0 2.0 1.0 2.0 1.0 1.0 
out: -1.0
in: 5.0 1.0 1.0 1.0 2.0 1.0 2.0 1.0 1.0 
out: -1.0
in: 3.0 1.0 1.0 1.0 2.0 1.0 2.0 1.0 1.0 
out: -1.0
in: 6.0 3.0 3.0 3.0 3.0 2.0 6.0 1.0 1.0 
out: -1.0
in: 7.0 1.0 2.0 3.0 2.0 1.0 2.0 1.0 1.0 
out: -1.0
in: 1.0 1.0 1.0 1.0 2.0 1.0 1.0 1.0 1.0 
out: -1.0
in: 5.0 1.0 1.0 2.0 1.0 1.0 2.0 1.0 1.0 
out: -1.0
in: 3.0 1.0 3.0 1.0 3.0 4.0 1.0 1.0 1.0 
out: -1.0
in: 4.0 6.0 6.0 5.0 7.0 6.0 7.0 7.0 3.0 
out: 1.0
in: 2.0 1.0 1.0 1.0 2.0 5.0 1.0 1.0 1.0 
out: -1.0
in: 2.0 1.0 1.0 1.0 2.0 1.0 1.0 1.0 1.0 
out: -1.0
in: 4.0 1.0 1.0 1.0 2.0 1.0 1.0 1.0 1.0 
out: -1.0
in: 6.0 2.0 3.0 1.0 2.0 1.0 1.0 1.0 1.0 
out: -1.0
in: 5.0 1.0 1.0 1.0 2.0 1.0 2.0 1.0 1.0 
out: -1.0
in: 1.0 1.0 1.0 1.0 2.0 1.0 1.0 1.0 1.0 
out: -1.0
in: 8.0 7.0 4.0 4.0 5.0 3.0 5.0 10.0 1.0 
out: 1.0
in: 3.0 1.0 1.0 1.0 2.0 1.0 1.0 1.0 1.0 
out: -1.0
in: 3.0 1.0 4.0 1.0 2.0 1.0 1.0 1.0 1.0 
out: -1.0
in: 10.0 10.0 7.0 8.0 7.0 1.0 10.0 10.0 3.0 
out: 1.0
in: 4.0 2.0 4.0 3.0 2.0 2.0 2.0 1.0 1.0 
out: -1.0
in: 4.0 1.0 1.0 1.0 2.0 1.0 1.0 1.0 1.0 
out: -1.0
in: 5.0 1.0 1.0 3.0 2.0 1.0 1.0 1.0 1.0 
out: -1.0
in: 4.0 1.0 1.0 3.0 2.0 1.0 1.0 1.0 1.0 
out: -1.0
in: 3.0 1.0 1.0 1.0 2.0 1.0 2.0 1.0 1.0 
out: -1.0
in: 3.0 1.0 1.0 1.0 2.0 1.0 2.0 1.0 1.0 
out: -1.0
in: 1.0 1.0 1.0 1.0 2.0 1.0 1.0 1.0 1.0 
out: -1.0
in: 2.0 1.0 1.0 1.0 2.0 1.0 1.0 1.0 1.0 
out: -1.0
in: 3.0 1.0 1.0 1.0 2.0 1.0 2.0 1.0 1.0 
out: -1.0
in: 1.0 2.0 2.0 1.0 2.0 1.0 1.0 1.0 1.0 
out: -1.0
in: 1.0 1.0 1.0 3.0 2.0 1.0 1.0 1.0 1.0 
out: -1.0
in: 5.0 10.0 10.0 10.0 10.0 2.0 10.0 10.0 10.0 
out: 1.0
in: 3.0 1.0 1.0 1.0 2.0 1.0 2.0 1.0 1.0 
out: -1.0
in: 3.0 1.0 1.0 2.0 3.0 4.0 1.0 1.0 1.0 
out: -1.0
in: 1.0 2.0 1.0 3.0 2.0 1.0 2.0 1.0 1.0 
out: -1.0
in: 5.0 1.0 1.0 1.0 2.0 1.0 2.0 2.0 1.0 
out: -1.0
in: 4.0 1.0 1.0 1.0 2.0 1.0 2.0 1.0 1.0 
out: -1.0
in: 3.0 1.0 1.0 1.0 2.0 1.0 3.0 1.0 1.0 
out: -1.0
in: 3.0 1.0 1.0 1.0 2.0 1.0 2.0 1.0 1.0 
out: -1.0
in: 5.0 1.0 1.0 1.0 2.0 1.0 2.0 1.0 1.0 
out: -1.0
in: 5.0 4.0 5.0 1.0 8.0 1.0 3.0 6.0 1.0 
out: -1.0
in: 7.0 8.0 8.0 7.0 3.0 10.0 7.0 2.0 3.0 
out: 1.0
in: 1.0 1.0 1.0 1.0 2.0 1.0 1.0 1.0 1.0 
out: -1.0
in: 1.0 1.0 1.0 1.0 2.0 1.0 2.0 1.0 1.0 
out: -1.0
in: 4.0 1.0 1.0 1.0 2.0 1.0 3.0 1.0 1.0 
out: -1.0
in: 1.0 1.0 3.0 1.0 2.0 1.0 2.0 1.0 1.0 
out: -1.0
in: 1.0 1.0 3.0 1.0 2.0 1.0 2.0 1.0 1.0 
out: -1.0
in: 3.0 1.0 1.0 3.0 2.0 1.0 2.0 1.0 1.0 
out: -1.0
in: 1.0 1.0 1.0 1.0 2.0 1.0 1.0 1.0 1.0 
out: -1.0
in: 5.0 2.0 2.0 2.0 2.0 1.0 1.0 1.0 2.0 
out: -1.0
in: 3.0 1.0 1.0 1.0 2.0 1.0 3.0 1.0 1.0 
out: -1.0
in: 5.0 7.0 4.0 1.0 6.0 1.0 7.0 10.0 3.0 
out: 1.0
in: 5.0 10.0 10.0 8.0 5.0 5.0 7.0 10.0 1.0 
out: 1.0
in: 3.0 10.0 7.0 8.0 5.0 8.0 7.0 4.0 1.0 
out: 1.0
in: 3.0 2.0 1.0 2.0 2.0 1.0 3.0 1.0 1.0 
out: -1.0
in: 2.0 1.0 1.0 1.0 2.0 1.0 3.0 1.0 1.0 
out: -1.0
in: 5.0 3.0 2.0 1.0 3.0 1.0 1.0 1.0 1.0 
out: -1.0
in: 1.0 1.0 1.0 1.0 2.0 1.0 2.0 1.0 1.0 
out: -1.0
in: 4.0 1.0 4.0 1.0 2.0 1.0 1.0 1.0 1.0 
out: -1.0
in: 1.0 1.0 2.0 1.0 2.0 1.0 2.0 1.0 1.0 
out: -1.0
in: 5.0 1.0 1.0 1.0 2.0 1.0 1.0 1.0 1.0 
out: -1.0
in: 1.0 1.0 1.0 1.0 2.0 1.0 1.0 1.0 1.0 
out: -1.0
in: 2.0 1.0 1.0 1.0 2.0 1.0 1.0 1.0 1.0 
out: -1.0
in: 10.0 10.0 10.0 10.0 5.0 10.0 10.0 10.0 7.0 
out: 1.0
in: 5.0 10.0 10.0 10.0 4.0 10.0 5.0 6.0 3.0 
out: 1.0
in: 5.0 1.0 1.0 1.0 2.0 1.0 3.0 2.0 1.0 
out: -1.0
in: 1.0 1.0 1.0 1.0 2.0 1.0 1.0 1.0 1.0 
out: -1.0
in: 1.0 1.0 1.0 1.0 2.0 1.0 1.0 1.0 1.0 
out: -1.0
in: 1.0 1.0 1.0 1.0 2.0 1.0 1.0 1.0 1.0 
out: -1.0
in: 1.0 1.0 1.0 1.0 2.0 1.0 1.0 1.0 1.0 
out: -1.0
in: 3.0 1.0 1.0 1.0 2.0 1.0 2.0 3.0 1.0 
out: -1.0
in: 4.0 1.0 1.0 1.0 2.0 1.0 1.0 1.0 1.0 
out: -1.0
in: 1.0 1.0 1.0 1.0 2.0 1.0 1.0 1.0 8.0 
out: -1.0
in: 1.0 1.0 1.0 3.0 2.0 1.0 1.0 1.0 1.0 
out: -1.0
in: 5.0 10.0 10.0 5.0 4.0 5.0 4.0 4.0 1.0 
out: 1.0
